lr: 1e-05
dropout: 0.5
pearson: 0.09763206962782414
rmse: 0.703256384969147
mae: 0.5603818918622496
