lr: 1e-05
dropout: 0.1
pearson: 0.48123800386398025
rmse: 0.703727787703689
mae: 0.5781981333263543
