lr: 1e-06
dropout: 0.1
pearson: 0.22796317029397356
rmse: 0.7616225923481417
mae: 0.63074681644357
