lr: 1e-05
dropout: 0.3
pearson: 0.4053755160505979
rmse: 0.6827267391120234
mae: 0.5435138795086294
