lr: 1e-06
dropout: 0.3
pearson: 0.2186369947845355
rmse: 0.6974027582656608
mae: 0.5570455858110054
