Pearson: 0.4660245942531315
RMSE: 0.6782948958683707
MAE: 0.5507497930966654