lr: 1e-06
dropout: 0.5
pearson: 0.16723961741254215
rmse: 0.6927178951009642
mae: 0.5322263622313466
